100017
100019
100037258
100037278
100038347
100038725
100039795
100039968
100040608
100040766
100041581
100042150
100042165
100042480
100042784
100043133
100043597
100072
100087
100088
100090
100102
100121
100129
100163
100169
100182
100198
100201
100206
100210
100213
100226
100273
100317
100336
100340
100342
100383
100416706
100434
100465
100494
100502698
100502841
100503043
100503085
100503659
100503670
100503879
100503884
100504195
100504663
100504715
100515
100532
100534273
100561
100604
100608
100609
100637
100678
100683
100689
100705
100710
100715
100732
100737
100756
100763
100764
100900
100929
100952
100972
100978
100986
101023
101095
101118
101122
101142
101148
101185
101187
101206
101214
101240
101314
101351
101358
101401
101437
101471
101476
101489
101490
101497
101502
101513
101540
101543
101565
101568
101592
101602
101612
101631
101685
101700
101706
101739
101772
101809
101831
101861
101867
101869
101943
101966
101985
101994
102032
102058
102060
102075
102093
102098
102103
102115
102122
102124
102141
102162
102182
102193
102209
102247
102278
102323
102334
102339
102414
102423
102436
102442
102448
102462
102502
102545
102566
102580
102595
102607
102614
102626
102632
102644
102657
102693
102747
102774
102791
102857
102866
102920
103080
103098
103135
103136
103140
103172
103199
103213
103220
103236
103266
103268
103284
103406
103425
103466
103468
103534
103537
103551
103554
103573
103583
103655
103677
103694
103710
103711
103724
103733
103737
103742
103743
103765
103768
103784
103806
103836
103841
103844
103850
103889
103963
103967
103988
104001
104009
104010
104015
104027
104069
104079
104080
104082
104099
104110
104111
104112
104130
104156
104158
104174
104175
104184
104215
104248
104252
104263
104271
104303
104318
104346
104348
104349
104383
104394
104401
104416
104418
104443
104444
104445
104458
104479
104570
104601
104625
104662
104681
104718
104721
104725
104732
104771
104776
104799
104806
104816
104831
104836
104859
104871
104884
104885
104886
104910
105000
105005
105014
105083
105148
105171
105203
105239
105245
105246
105278
105298
105348
105351
105352
105372
105377
105428
105439
105440
105445
105446
105450
105501
105504
105513
105522
105559
105638
105653
105663
105670
105675
105689
105722
105727
105732
105782
105785
105787
105827
105837
105841
105844
105847
105853
105855
105859
105988
106014
106021
106025
106039
106042
106052
106064
106068
106073
106143
106200
106205
106248
106298
106326
106338
106344
106347
106369
106389
106393
106489
106504
106522
106529
106564
106565
106572
106581
106582
106583
106585
106618
106628
106633
106639
106672
106707
106757
106759
106763
106766
106794
106795
106821
106840
106869
106877
106878
106894
106931
106947
106952
106957
107022
107029
107035
107045
107071
107094
107173
107182
107197
107221
107227
107242
107250
107260
107271
107272
107305
107328
107338
107351
107358
107368
107371
107373
107375
107392
107435
107448
107449
107476
107503
107508
107513
107515
107522
107527
107528
107566
107568
107569
107581
107587
107589
107607
107650
107652
107684
107701
107702
107723
107732
107733
107746
107747
107765
107767
107769
107771
107815
107817
107823
107829
107831
107869
107895
107932
107934
107939
107951
107971
107975
107986
107995
107999
108000
108011
108012
108013
108014
108030
108037
108052
108058
108062
108067
108075
108077
108079
108083
108086
108089
108097
108098
108099
108100
108101
108105
108115
108116
108121
108123
108124
108138
108147
108150
108151
108153
108154
108155
108156
108159
108160
108645
108652
108653
108654
108655
108657
108660
108664
108671
108672
108673
108679
108682
108686
108687
108689
108699
108705
108707
108735
108737
108755
108760
108767
108797
108800
108811
108829
108837
108841
108853
108857
108888
108897
108899
108900
108903
108907
108911
108912
108927
108937
108943
108946
108954
108958
108960
108961
108989
109006
109019
109042
109050
109054
109065
109075
109077
109079
109082
109093
109108
109113
109115
109129
109135
109136
109145
109151
109154
109161
109168
109181
109205
109212
109229
109232
109241
109242
109246
109263
109267
109270
109275
109284
109294
109305
109323
109331
109332
109333
109359
109552
109593
109594
109620
109624
109637
109648
109652
109658
109672
109674
109676
109689
109700
109711
109731
109754
109778
109785
109801
109815
109857
109880
109889
109900
109901
109904
109905
109929
109934
109978
110006
110012
110033
110052
110074
110078
110084
110094
110095
110109
110147
110157
110173
110175
110196
110197
110198
110208
110213
110253
110265
110279
110310
110323
110350
110351
110355
110379
110380
110385
110391
110446
110454
110460
110521
110524
110532
110593
110596
110606
110611
110637
110639
110651
110695
110749
110750
110784
110789
110796
110805
110809
110816
110821
110829
110842
110854
110862
110876
110877
110886
110891
110893
110911
110920
110948
110959
110960
110962
111173
111175
112403
112405
112406
112407
112415
112422
11302
11303
11304
11305
11306
11307
11308
11350
11352
11363
11364
11370
113868
11409
114128
114142
114143
11416
11418
11419
11423
114249
114255
11426
11428
11429
11430
114301
11431
11432
11438
11440
11441
11443
11444
114565
114584
114585
114601
114604
114606
11461
114615
11464
114642
114643
114663
114664
114674
114679
114713
114714
114715
114716
11472
11474
114741
11475
11477
114774
11479
11480
11481
11482
11486
114863
11487
114873
114874
11488
114886
11489
114893
114896
11490
11491
11492
11496
11501
11502
11504
11512
11513
11515
11517
11518
11519
11520
11532
11534
11535
11536
11539
11540
11541
11544
11545
11546
11551
11553
11555
11556
11564
11565
11566
11568
11569
11576
11593
11596
11600
11601
11603
11605
11607
11609
11622
11624
11630
11632
11636
11637
11639
11640
11647
11651
11652
11655
11657
11658
11666
11668
11669
116701
11671
116733
11674
116748
11676
11682
116838
11684
116847
116848
116870
116871
116873
11689
116891
116904
116914
11692
116939
116940
11695
116972
117109
117146
117148
117149
117150
117160
11717
117171
117197
117198
11720
11732
11735
11736
11737
11739
11740
11745
11746
11747
11749
11750
11757
11758
117589
117591
117592
117599
117600
117606
11761
11764
11765
11766
11767
11768
11769
11771
11772
11773
11774
11775
11776
11777
11778
11781
11782
11783
11784
11785
11787
11789
11790
11792
11793
11796
11797
11798
11799
11800
11803
11804
11810
11811
11816
11819
11820
11821
11826
11828
11834
11835
11836
11837
11838
11840
11841
11842
11843
11844
118445
118449
11845
118451
118453
11847
11848
11852
11853
11854
11855
11856
11857
11858
11859
11861
11863
11864
11865
11875
11876
11877
11881
11883
11886
11889
11891
11899
11906
11907
11909
11910
11911
11920
11924
11927
11928
11931
11932
11933
11938
11944
11946
11947
11949
11950
11957
11958
11964
11966
11972
11973
11974
11975
11977
11979
11980
11981
11982
11983
11984
11987
11988
11989
11990
11991
11992
11993
11994
12005
12006
12009
12010
12013
12014
12015
12017
12018
12020
12021
12022
12023
12028
12029
12032
12033
12034
12035
12036
12038
12039
12040
12041
12042
12043
12048
12050
12051
12053
12054
12055
12062
12064
12068
12069
121021
12111
12121
12122
12123
12124
12125
12140
12142
12144
12151
12153
12156
12159
12160
12161
12162
12166
12167
12168
12173
12175
12176
12180
12181
12183
12189
12190
12192
12193
12211
12212
12215
12217
12224
12226
12227
12234
12235
12236
12237
12238
12257
12258
12261
12282
12283
12286
12287
12288
12289
12291
12293
12294
12295
12296
12297
12298
12301
12305
12306
12307
12310
12311
12316
12317
12319
12321
12322
12323
12325
12326
12328
12330
12331
12332
12333
12334
12336
12337
12338
12339
12343
12345
12348
12349
12350
12351
12359
12361
12364
12366
12367
12368
12369
12370
12371
12380
12385
12386
12387
12388
12389
12390
12393
12394
12395
12396
12400
12402
12404
12406
12408
12411
12412
12416
12418
12419
12421
12424
12425
12428
12442
12443
12444
12445
12447
12448
12449
12450
12452
12453
12454
12455
12457
12460
12461
12462
12464
12465
12468
12469
12476
12479
12480
12484
12488
12490
12491
12492
12493
12494
12495
12497
12499
12505
12509
12512
12514
12520
12521
12522
12527
12530
12531
12532
12534
12537
12539
12540
12544
12545
12549
12550
12554
12558
12560
12561
12562
12563
12565
12566
12567
12568
12569
12570
12571
12572
12575
12576
12577
12578
12579
12580
12583
12585
12589
12591
12593
12606
12607
12608
12611
12614
12615
12616
12617
12626
12628
12632
12633
12638
12648
12649
12652
12653
12660
12661
12662
12663
12667
12672
12675
12695
12696
12700
12702
12703
12704
12705
12709
12716
12721
12722
12723
12724
12725
12727
12728
12729
12737
12739
12740
12747
12748
12750
12751
12752
12753
12757
12759
12764
12767
12778
12785
12793
12794
12795
12797
12798
12799
12801
12804
12805
12807
12808
12814
12815
12816
12817
12818
12819
12822
12824
12825
12826
12827
12830
12831
12832
12833
12834
12835
12837
12839
12840
12841
12842
12843
12846
12847
12848
12850
12856
12857
12858
12859
12861
12862
12864
12865
12866
12868
12874
12876
12877
12889
12890
12892
12894
12896
12903
12904
12905
12908
12909
12912
12913
12914
12915
12916
12925
12927
12928
12929
12931
12933
12934
12946
12950
12952
12953
12955
12971
12972
12974
12977
12982
12988
12995
13000
13001
13002
13003
13004
13006
13007
13008
13010
13014
13016
13017
13018
13019
13024
13026
13030
13032
13033
13036
13038
13039
13041
13043
13046
13047
13048
13052
13056
13057
13063
13078
13081
13082
13110
13116
13120
13121
13123
13131
13132
13134
13135
13136
13138
13139
13143
13144
13163
13167
13169
13170
13171
13172
13175
13176
13177
13178
13179
13180
13185
13191
13193
13194
13195
13196
13197
13198
13200
13202
13204
13205
13207
13209
13211
13244
13340
13345
13346
13347
13349
13350
13353
13356
13358
13360
13361
13367
13368
13380
13382
13383
13384
13385
13386
13388
13389
13390
13392
13393
13395
13396
13400
13401
13405
13406
13418
13423
13424
13427
13429
13430
13433
13434
13435
13436
13437
13445
13446
13447
13448
13449
13476
13478
13480
13481
13482
13483
13486
13491
13494
13495
13496
13497
13498
13506
13508
13511
13518
13521
13527
13528
13537
13542
13544
13548
13549
13555
13557
13559
13560
13589
13591
13592
13593
13595
13601
13602
13603
13605
13607
13609
13610
13612
13614
13616
13617
13618
13619
13626
13627
13629
13631
13636
13637
13638
13639
13640
13641
13642
13643
13644
13645
13649
13650
13653
13654
13655
13660
13661
13663
13664
13665
13666
13667
13669
13680
13681
13682
13684
13685
13688
13690
13709
13710
13712
13713
13714
13716
13717
13722
13723
13726
13728
13730
13731
13732
13797
13798
13799
13800
13803
13804
13805
13807
13808
13809
13813
13819
13821
13822
13823
13824
13829
13830
13831
13835
13836
13837
13838
13839
13841
13844
13845
13846
13848
13849
13850
13852
13853
13854
13855
13857
13858
13859
13860
13864
13865
13866
13867
13869
13870
13871
13872
13875
13876
13877
13972
13990
13992
13998
14000
14007
14011
14012
14013
14020
14025
14026
14027
14028
14030
14042
14043
140477
14048
140481
140482
140484
140486
140488
14049
140492
140493
140499
14050
140500
14051
140546
14055
140559
14056
14057
140570
140577
140579
140580
14062
14063
140630
14066
14067
14068
14069
14070
140703
140709
140721
14073
140740
140742
140743
140780
140781
140792
140795
14081
14082
14083
14084
14085
140858
140859
14086
14087
14088
140887
14089
140917
14102
14104
14105
14106
14107
14109
14113
14114
14115
14118
14119
14123
14137
14148
14149
14151
14154
14155
14156
14158
14159
14160
14163
14164
14165
14166
14167
14168
14170
14172
14176
14179
14181
14182
14183
14184
14186
14187
14190
14194
14198
14199
14200
14201
14205
14208
14211
14218
14219
14221
14225
14226
14227
14228
14229
14230
14231
14232
14234
14236
14238
14245
14247
14251
14252
14254
14257
14260
14263
14264
14265
14266
14268
142682
142688
14269
14270
14272
14275
14281
14282
14284
14287
14297
142980
14299
14300
14302
14312
14313
14314
14319
14339
14345
14348
14349
14357
14359
14360
14362
14365
14366
14367
14368
14369
14370
14371
14373
14375
14376
14380
14381
14385
14387
14388
14389
14390
14391
14396
14397
14401
14402
14404
14415
14420
14421
14423
14425
14426
14428
14430
14431
14432
14447
14450
14451
14453
14456
14457
14461
14462
14463
14465
14466
14467
14470
14472
14479
14489
14527
14528
14534
14536
14537
14538
14547
14548
14555
14560
14561
14567
14569
14570
14571
14573
14579
14583
14584
14585
14586
14588
14590
14593
14594
14595
14598
14600
14605
14609
14611
14612
14615
14620
14622
14628
14629
14630
14632
14633
14634
14635
14645
14651
14652
14658
14660
14661
14664
14667
14670
14672
14673
14674
14675
14677
14678
14680
14681
14682
14683
14687
14693
14694
14696
14697
14701
14702
14704
14705
14706
14708
14710
14712
14718
14719
14723
14725
14726
14731
14732
14733
14734
14735
14738
14739
14745
14747
14751
14755
14756
14758
14760
14761
14763
14765
14766
14768
14773
14775
14776
14778
14782
14783
14784
14786
14787
14788
14789
14791
14792
14793
14794
14797
14799
14800
14802
14803
14806
14807
14809
14810
14813
14814
14815
14824
14827
14828
14836
14841
14852
14853
14854
14860
14862
14863
14865
14866
14867
14870
14871
14872
14874
14884
14885
14886
14894
14897
14904
14911
14919
14923
14924
14933
14936
14950
14976
14977
14998
15001
15015
15064
15107
15108
15110
15111
15114
15115
15117
15118
15159
15161
15166
15168
15170
15182
15183
15184
15185
15186
15191
15193
15194
15199
15200
15201
15203
15204
15205
15211
15212
15213
15214
15216
15220
15223
15227
15234
15239
15242
15245
15247
15248
15251
15254
15257
15258
15259
15260
15270
15273
15275
15277
15284
15288
15312
15354
15356
15357
15360
15364
15366
15368
15369
15370
15374
15375
15376
15381
15384
15387
15388
15395
15396
15398
15402
15405
15410
15412
15413
15414
15415
15417
15425
15427
15430
15431
15432
15433
15438
15441
15442
15444
15446
15451
15452
15460
15461
15463
15464
15467
15469
15473
15476
15478
15481
15484
15488
15490
15499
15500
15502
15505
15507
15510
15512
15516
15519
15525
15526
15528
15529
15530
15531
15547
15561
15565
15567
15569
15571
15572
15574
15587
15893
15894
15900
15901
15902
15903
15904
15925
15926
15929
15931
15932
15936
15937
15939
15944
15958
15976
15979
15980
15982
15983
16000
16001
16002
16004
16007
16008
16009
16010
16011
16068
16149
16150
16151
16154
16155
16162
16164
16172
16173
16177
16180
16188
16190
16195
16199
16201
16206
16210
16211
16319
16322
16323
16328
16329
16330
16331
16332
16337
16341
16348
16351
16362
16363
16367
16370
16371
16373
16391
16392
16396
16399
16400
16401
16402
16403
16404
16409
16410
16412
16413
16416
16418
16419
16421
16423
16430
16431
16432
16434
16438
16439
16440
16443
16449
16450
16451
16452
16456
16467
16468
16469
16475
16476
16477
16478
16480
16485
16493
16494
16497
16498
16499
16500
16502
16504
16506
16508
16510
16511
16512
16515
16518
16519
16520
16521
16523
16525
16526
16529
16531
16536
16542
16543
16548
16549
16551
16553
16554
16558
16560
16561
16562
16563
16564
16565
16568
16569
16570
16571
16572
16573
16574
16576
16579
16581
16582
16588
16589
16590
16593
16594
16597
16598
16599
16600
16601
16646
16647
16648
16649
16650
16651
16653
16656
16658
16661
16668
16669
16691
16706
16709
16728
16763
16764
16765
16768
16772
16773
16774
16775
16776
16777
16779
16780
16782
16783
16784
16785
16790
16795
16796
16797
16798
16800
16801
16803
16814
16816
16818
16825
16826
16828
16832
16835
16842
16847
16848
16852
16854
16859
16865
16870
16873
16876
16878
16880
16881
16882
16885
16886
16889
16890
16891
16897
16904
16905
16906
16907
16909
16911
16917
16918
16922
16923
16924
16939
16948
16949
16950
16952
16956
16969
16971
16973
16974
16975
16976
16978
16979
16980
16981
16985
16987
16993
16997
16998
17000
17022
17025
17035
170439
170441
170459
170460
170472
170625
170638
17064
170643
170644
170676
170677
17069
170706
170707
170716
170718
170719
170721
170728
170731
170736
170737
170740
170742
170748
170749
17075
170750
170752
170753
170756
170757
170758
170759
17076
170760
170762
170765
170767
170768
170770
170787
170789
170790
170791
170799
170822
170823
170826
170829
17083
170833
17087
17089
170936
170938
17101
171095
17112
17116
171166
171167
17117
171170
17118
17119
17120
171207
17121
171210
171212
17122
17125
17126
17127
17128
17130
17131
17132
17133
17134
17135
171463
171486
17149
17150
171508
17151
17152
17153
171543
17155
17156
171567
17158
171580
17159
17160
17161
17164
17165
17168
17169
17172
17174
17179
17181
17182
17183
17184
17187
17188
17190
17191
17192
17193
17196
17207
17210
17215
17216
17217
17218
17219
17220
17222
17237
17240
17242
17245
17246
17248
17250
17252
17256
17257
17258
17260
17261
17268
17274
17279
17281
17283
17285
17286
17289
17294
17295
17299
17300
17304
17305
17308
17309
17311
17313
17314
17318
17319
17342
17344
17345
17346
17347
17349
17350
17354
17355
17356
17357
17380
17385
17387
17388
17389
17390
17391
17395
17420
17423
17425
17427
17428
17434
17436
17448
17449
17454
17463
17470
17475
17524
17532
17534
17535
17536
17537
17540
17684
17685
17686
17687
17688
17690
17691
17692
17698
17701
17702
17708
17713
17714
17716
17717
17721
17750
17751
17754
17755
17758
17760
17761
17762
17763
17764
17765
17766
17768
17769
17772
17775
17776
17777
17827
17828
17847
17850
17855
17859
17863
17864
17865
17869
17872
17873
17874
17876
17886
17888
17896
17907
17909
17912
17913
17918
17919
17920
17921
17925
17929
17931
17936
17937
17938
17939
17954
17955
17957
17961
17965
17966
17967
17973
17974
17975
17977
17978
17979
17984
17988
17991
17992
17993
17995
17997
17999
18000
18002
18003
18004
18005
18007
18008
18010
18011
18012
18014
18015
18016
18018
18019
18020
18021
18022
18023
18024
18025
18027
18028
18029
18030
18032
18033
18034
18035
18036
18037
18038
18039
18040
18041
18044
18045
18046
18053
18073
18074
18080
18082
18087
18091
18095
18099
18100
18103
18104
18105
18107
18108
18109
18111
18114
18115
18117
18120
18121
18124
18125
18127
18128
18129
18130
18131
18132
18133
18139
18140
18141
18145
18146
18148
18155
18160
18162
18163
18164
18174
18176
18181
18186
18187
18188
18189
18190
18191
18193
18194
18195
18196
18197
18201
18203
18205
18207
18208
18209
18212
18213
18214
18218
18220
18221
18222
18227
18230
18247
18260
18263
18286
18293
18294
18295
18301
18389
18391
18392
18393
18400
18408
18412
18414
18415
18417
18423
18424
18430
18432
18438
18439
18440
18441
18442
18451
18452
18453
18457
18458
18472
18475
18476
18479
18481
18483
18484
18488
18491
18503
18504
18505
18509
18510
18511
18514
18515
18516
18518
18519
18521
18526
18530
18536
18537
18538
18541
18542
18548
18549
18550
18551
18552
18553
18555
18557
18559
18563
18569
18570
18571
18572
18573
18574
18575
18576
18577
18578
18582
18583
18584
18585
18590
18591
18595
18596
18597
18600
18601
18604
18605
18606
18607
18611
18612
18613
18616
18618
18624
18626
18628
18631
18632
18633
18634
18636
18637
18639
18640
18641
18642
18643
18645
18647
18648
18654
18655
18667
18669
18674
18676
18679
18685
18693
18700
18701
18704
18706
18707
18708
18709
18710
18711
18712
18715
18717
18718
18719
18720
18738
18739
18740
18741
18744
18746
18749
18750
18751
18753
18754
18755
18759
18760
18762
18763
18764
18767
18769
18771
18777
18783
18784
18786
18787
18789
18791
18792
18793
18795
18797
18798
18799
18802
18803
18805
18806
18807
18810
18813
18817
18822
18823
18826
18828
18830
18844
18845
18846
18854
18858
18861
18933
18938
18949
18950
18952
18968
18969
18970
18971
18972
18973
18974
18975
18983
18984
18986
18993
18994
18996
18999
19009
19014
19015
19017
19018
19024
19025
19027
19035
19038
19039
19041
19042
19043
19044
19045
19046
19052
19053
19055
19056
19057
19060
19062
19063
19069
19070
19072
19075
19076
19079
19082
19084
19085
19087
19088
19089
19090
19091
19092
19094
19099
19106
19108
19116
19124
19125
19126
19128
19130
19132
19134
19139
19143
19152
19153
19155
19156
19157
191578
19158
19159
19164
19165
19166
19167
19170
19171
19172
19173
19175
19177
19179
19181
19182
19183
19184
19186
19192
19193
19205
19206
19207
19210
19211
192119
19212
192120
192156
192157
192159
19216
192160
192166
192167
192169
192173
192174
192176
19218
192185
192187
19219
192191
192192
192193
192195
192196
192197
192198
192199
19221
192212
192216
19223
192231
192232
192236
19225
19227
19228
192285
192287
19229
192292
19240
19241
19242
19244
19245
19246
19247
19248
19249
19250
19252
19253
19255
19258
19261
19262
192650
192651
192652
192654
192656
192657
19266
192663
19267
192678
19268
19270
19271
19272
19273
192734
19274
19275
19276
19277
192786
19279
19280
19281
19283
19285
19286
19288
19289
192897
19290
19294
192950
192970
192976
19298
192986
19299
19300
19301
19302
19303
193043
19305
19309
193116
19317
19324
19325
19326
19328
19330
19331
19332
19334
19335
19336
19337
19338
193385
19339
19340
19341
19342
19344
19345
193452
19346
19347
19348
19349
19352
19355
19356
19357
19358
19359
19360
19361
19362
19363
19364
19365
19366
19367
193670
193736
193742
19376
19377
19378
193796
193813
19384
19385
19386
19387
19395
19401
19411
194126
19414
19416
19419
194231
194237
194309
194388
194401
194590
194655
194908
194952
195018
195040
195522
195727
195733
19645
19646
19647
19649
19650
19651
19654
19655
19659
19662
19663
19664
19668
19671
19672
19679
19687
19691
19696
19697
19698
19699
19703
19704
19707
19708
19712
19713
19714
19716
19718
19719
19720
19724
19725
19726
19729
19730
19731
19732
19734
19735
19736
19737
19739
19744
19763
19765
19766
19769
19771
19775
19777
19819
19820
19821
19822
19823
19826
19876
19877
19878
19881
19882
19883
19885
19889
19891
19893
19895
19921
19934
19935
19941
19942
19989
20014
20016
20017
20018
20019
20020
20021
20022
20024
20044
20054
20084
20085
20090
20091
20102
20103
20111
20112
20130
20133
20135
20148
20163
20166
20167
20170
20174
20181
20182
20183
20184
20185
20187
20190
20191
20192
20193
20194
20196
20200
20204
20218
20222
20224
20226
20227
20229
20230
20231
20238
20239
20249
20250
20254
20255
20256
20257
20262
20265
20266
20269
20271
20272
20273
20274
20276
20280
20286
20287
20289
20300
20311
20312
20315
20316
20317
20318
20319
20320
20321
20322
20324
20333
20334
20336
20338
20339
20340
20346
20347
20348
20349
20350
20351
20352
20353
20354
20355
20356
20357
20358
20359
20360
20361
20362
20364
20365
20370
20377
20378
20379
20382
20383
20384
20387
20388
20392
20393
20394
20397
20399
20401
20402
20403
20404
20405
20409
20410
20411
20416
20418
20419
20420
20422
20423
20425
20430
20431
20437
20438
20439
20440
20441
20442
20443
20444
20446
20447
20448
20449
20450
20451
20452
20454
20460
20462
20463
20466
20467
20469
20471
20472
20474
20475
20479
20480
20481
20482
20492
20496
20498
20499
20501
20502
20503
20509
20511
20512
20513
20514
20515
20516
20520
20523
20524
20525
20527
20528
20529
20530
20534
20535
20536
20539
20540
20541
20544
20562
20563
20564
20583
20585
20586
20587
20588
20589
20591
20595
20597
20598
20602
20606
20610
20613
20614
20615
20616
20617
20619
20620
20621
20623
20624
20630
20637
20639
20643
20648
20649
20650
20652
20655
20656
20658
20660
20661
20662
20663
20665
20666
20667
20668
20671
20674
20675
20677
20678
20679
20680
20681
20682
20683
20686
20687
20688
20689
20692
20706
20708
20713
20716
207165
207181
207182
20719
20720
207212
207214
20723
207259
207278
20729
20730
207304
20732
20733
207352
207375
20740
20741
20742
207425
20743
20744
20745
20747
207474
207495
20750
20751
207521
207565
207592
207607
207615
20768
207683
207686
207704
207728
20773
20775
207777
20778
207781
207785
20779
207792
207798
207806
207818
20787
20788
207911
207920
207932
207952
207958
207965
208043
20807
208076
208084
208092
20810
208104
208117
20813
208144
208146
20815
20817
208177
20818
208194
208198
20821
208211
208213
20822
208228
20823
208263
208266
208292
20832
20833
208366
20841
20842
20843
208431
208439
20844
208440
208449
20845
20846
20847
20848
20849
20850
20851
208518
20852
20853
20855
20856
208606
208618
208624
208628
208638
208643
208650
208659
20866
20867
20868
20869
208691
208718
20872
208727
20873
20874
208748
208768
20877
208777
20878
208795
208820
208836
208846
208869
20887
208884
208890
208898
208908
20892
208922
20893
208936
208943
208967
208968
20897
208982
209003
20901
209011
209012
209018
209027
209032
209039
20907
20908
20909
20910
20911
20912
20913
209131
20916
20917
209195
209212
209224
209225
209239
20924
20926
209268
20928
20930
20931
209318
20932
20933
209334
20935
209354
209357
209361
20937
209378
209416
209446
209456
209462
20947
209478
209497
209558
20957
209584
209586
20963
209630
20964
209645
20965
209683
20969
209692
20970
209707
20971
20972
20973
209737
20974
20975
209760
20977
209773
20979
20981
209815
20983
209966
210004
210009
210027
210029
210035
210044
210094
210104
210105
210106
210126
210135
210146
210148
210162
210172
210274
210293
210297
210356
210376
210503
210529
210530
210544
210582
210673
210711
210719
210766
210789
210801
210808
210853
210925
210933
210973
210982
210992
210998
211006
211007
211134
211253
211255
211286
211323
211329
211347
211389
211401
211446
211480
211484
211488
211499
211535
211548
211550
211556
211586
211651
211652
211660
211673
211712
211770
211798
211896
211914
211922
211936
211945
211948
211949
211961
211978
211986
212073
212090
212111
212114
212123
212127
212139
212153
212163
212167
212168
212190
212198
212281
212285
212307
212326
212377
212391
212398
212442
212448
212483
212503
212508
212514
212516
212528
212531
212539
212547
212555
212569
212627
212632
212647
212670
212679
212706
212712
212728
212772
212862
212880
212892
212898
212919
212933
212943
212974
212980
212986
212996
212999
213006
213011
213012
213019
213027
213053
213054
213056
213081
213084
213109
213208
213211
213233
213236
213311
213326
21335
213350
21336
213389
213391
21340
21341
213417
21343
213435
213436
21345
213452
21346
213469
213484
213491
213498
213499
21350
21351
213522
21353
213539
21354
213541
21355
213550
213556
21356
21357
213573
213575
213582
213649
21366
21367
213673
21371
21372
21374
213753
21376
213760
213773
213783
21379
213819
213827
21385
21386
21387
213895
213948
213988
21399
213990
213993
21400
21401
21402
214058
21406
214063
21407
21408
214084
21410
21411
21412
21413
214133
214137
21414
21415
214150
21416
214162
21418
21420
21422
21423
214230
214239
21425
214253
214254
21427
21428
21429
214290
214301
214345
214359
214424
214444
214459
214469
214489
214498
214505
21452
21453
21454
214547
214552
214572
214575
214579
214580
214593
214597
214627
21463
214642
214663
214669
214685
214742
214763
214764
214791
214804
214812
214855
214895
214897
214899
214901
214917
214922
214931
214932
214944
214968
214987
215001
215008
215015
215051
215085
215090
215113
215114
215193
215194
215201
215210
215280
215303
215335
215351
215387
215418
215436
215445
215446
215449
215456
215474
215476
215493
215494
215512
215615
215627
215632
215653
215690
215705
215707
215708
215748
215751
215789
215798
215814
215819
215821
215951
215999
216001
216011
216028
216049
216080
216119
216134
216136
216148
216150
216151
216152
216154
216156
216157
216161
216166
216169
216188
216190
216197
216198
216233
216238
216274
216292
216344
216345
216363
216438
216439
216440
216441
216443
21645
216456
216459
21646
216505
216516
21652
216527
216543
216549
216551
216558
216560
216565
216578
216613
216616
216618
21664
216705
216724
216739
216742
21676
216760
216766
216767
21677
21678
21679
216792
216795
216805
21681
21682
216820
216821
216825
216829
216831
216835
216846
216848
21685
216850
216853
216856
216859
216860
216867
216869
21687
216873
216874
216877
216881
216892
216963
216964
216965
216971
216987
217011
217012
217026
217030
217031
217039
217057
217069
217082
217109
217119
217124
217125
217127
217140
217151
217154
217166
217194
217198
217201
217203
217207
217216
217218
217219
217232
217262
217265
217303
217310
217325
217331
217333
217335
217337
217340
217342
217344
217351
217353
217364
217365
217366
217370
217378
217379
217410
217430
217431
217449
21745
217463
217473
217480
21749
21750
217517
21752
21753
21754
217558
217578
217588
217615
21762
21763
217648
217653
21766
217664
217666
21767
217682
217684
21769
217692
217695
21770
217700
217705
217707
21771
217715
217716
217718
217721
217732
217734
217737
217738
21780
21781
217826
217827
217830
217835
217837
217843
217864
217866
217869
21787
21788
217882
217887
217893
217935
217944
217946
217980
217995
21802
21803
218030
218035
218038
21804
21807
21808
21809
21810
218100
21812
218121
21813
218138
21814
21815
21816
21817
21819
218194
218203
21821
218210
218214
218215
218232
218236
21824
21825
21826
21827
218271
218294
21832
21833
218333
218335
21834
218341
218343
21838
218397
21841
21843
21844
218441
218442
218454
21846
218460
218461
21847
218476
21848
21849
218490
218503
218506
218518
21853
21854
218543
218544
21855
21856
21857
21858
218581
21859
218613
218629
218630
218639
21869
218693
218699
21871
21872
21873
218734
218756
218763
21877
218772
218793
21881
218811
218820
218832
21885
218850
21886
218865
21887
218877
21888
218885
218914
21892
21894
218952
218973
218975
218977
218989
219022
219024
219072
21909
219094
219103
219105
219114
21912
219134
219135
219140
219148
219149
21915
219150
219151
219158
21916
21917
219181
219189
219228
21923
219249
21927
21928
21929
21933
21937
21938
21939
21945
21950
21951
21952
21954
21955
21956
21961
21969
21973
21974
21975
21976
21981
21982
21983
21985
21987
22003
22004
22017
22019
22021
22022
22025
22026
22027
22029
22030
22031
22032
22034
22036
22037
22038
22042
22044
22051
22057
22059
22063
22065
22066
22067
22070
22083
22084
22088
22092
22095
22099
22110
22113
22117
22122
22123
22129
22130
22137
22138
22139
22141
22142
22145
22151
22153
22154
22156
22157
22158
22160
22166
22169
22171
22174
22183
22184
22185
22190
22192
22193
22194
22200
22201
22209
22210
22214
22217
22218
22221
22222
22223
22224
22225
22228
22230
22232
22234
22235
22239
22240
22241
22245
22247
22248
22249
22253
22256
22258
22260
22271
22272
22273
22275
22276
22278
22282
22284
22286
22288
22289
22290
22294
22319
22320
22321
223227
22323
22325
223254
223255
22327
22329
22330
22333
22334
22335
22337
22339
22341
22343
223433
223435
22344
223453
223455
22346
223499
22350
22351
22352
223527
22354
22359
223593
223601
223626
223642
223646
223649
22365
223658
223664
223666
223669
22367
22368
223690
223691
223693
223696
223697
223701
22371
223722
223723
223726
223732
223739
22375
223752
223753
223754
22377
223770
223774
223775
223776
22378
22379
22380
22381
223827
223828
223838
22384
22385
223864
223870
22388
223881
22390
223918
223921
22393
223970
223978
223989
224008
22401
224014
224019
22402
224020
224022
224023
224024
22404
224045
224088
224092
224093
224105
224109
22411
224111
224129
224132
224139
22414
224143
22415
22417
224170
224171
22418
22419
22421
22422
224250
22427
22428
22431
22433
224344
22439
224405
224432
224440
224454
224481
224530
224585
224598
224613
224617
224619
224624
224630
224640
224647
224648
224650
224656
224671
224674
224691
224694
224697
224705
224727
224742
224792
224794
224796
224805
224807
224813
224814
224823
224824
224826
224833
224860
224893
224897
224902
224903
224904
224907
224912
224938
224997
225010
225020
225027
225028
225049
225055
225115
225131
225160
225164
225182
225187
225207
225215
225266
225280
225283
225288
225289
225326
225339
225348
225358
225362
225363
225432
225467
225518
225523
225579
225583
225631
225651
225655
225659
225724
225745
225791
225845
225849
225861
225870
225875
225876
225887
225888
22589
225896
225898
22590
225908
22591
225912
225913
22592
225929
22594
22596
225994
225995
225997
225998
22601
226016
226025
226026
226040
226041
226043
226075
22608
226089
226090
226098
226101
22612
226122
226123
226139
226144
226151
226153
226154
226162
226169
226178
226180
226182
22619
226250
226251
226252
226255
22627
22628
22629
22630
22631
22632
22634
226352
226359
22640
226407
226409
226412
226414
226418
226419
22642
226422
22643
226432
226442
22646
226470
22648
226499
226517
226518
226519
22652
226525
226527
226539
22654
226541
226548
226551
226562
22658
226591
226594
22661
226610
226641
226646
22666
22668
22670
22673
226744
226747
226751
226757
226777
226778
22678
226791
22680
22682
226823
226830
226841
226844
226849
22685
226856
226861
22687
22688
22689
22690
22691
226922
22693
22694
22695
22696
22697
226970
226971
226976
22698
226982
22700
22701
22704
227058
227059
22709
227094
227095
227099
22710
227102
22712
227120
22715
227154
22719
227195
227197
22720
227210
22724
227290
227292
227298
227327
227331
227333
227334
227358
227377
227394
227399
227446
227449
22746
22750
227522
227525
227541
22755
22756
22757
22758
22761
227612
227615
227619
22762
227620
227622
227624
22763
227634
227638
22764
227644
227648
227656
227659
227674
227682
227683
227693
227695
227697
227700
227707
22771
227715
22772
227720
227721
227723
22773
227731
227737
227738
227743
227746
22775
227753
22776
22778
22779
227800
227801
22781
22782
227835
22785
227867
22791
22793
227937
227960
228005
228012
228019
228026
228033
228061
228071
228136
228139
228140
228355
228356
228357
228359
228361
228366
228368
228410
228413
228421
228432
228482
228491
228536
228543
228545
228550
228564
228576
228598
228602
228607
228608
228662
228715
228730
228769
228775
228790
228807
228812
228829
228836
228839
228846
228850
228852
228858
228859
228866
228869
228875
228876
228880
228889
228911
228913
228942
228960
228961
228966
228980
228983
228993
228994
228998
229003
229004
229007
229011
229055
229096
229211
229227
229228
229285
229317
229363
229389
229445
229473
229474
229487
229488
229503
229504
229512
229517
229521
229524
229534
229541
229542
229543
229584
229589
229593
229599
229600
229603
229615
229644
229658
229663
229675
229681
229699
229700
229706
229707
229709
229715
229725
229731
229776
229780
229801
229841
229877
229900
229905
229906
229937
229949
230027
230073
230075
230082
230085
230088
230098
230099
230101
230103
230119
230125
230126
230145
230157
230162
230233
230234
230249
230257
230259
230279
230316
230376
230379
230393
230484
230514
230577
230582
230584
230587
230594
230596
230597
230598
230603
230648
230649
230654
230657
230673
230674
230676
230678
230700
230709
230734
230735
230737
230738
230752
230753
230757
230761
230767
230770
230775
230779
230789
230793
230796
230801
230806
230809
230810
230815
230824
230837
230848
230857
230861
230863
230868
230872
230895
230903
230904
230908
230917
230935
230936
230959
230967
230971
230972
230996
231014
231042
231050
231051
231070
231086
231093
231128
231130
231134
231147
231151
231162
231207
231214
231225
231238
231279
231287
231290
231326
231327
231329
231380
231386
231413
231430
231440
231452
231464
231470
231474
231503
231506
231507
231532
231549
231571
231580
231600
231602
231630
231633
231637
231642
231668
231670
231672
231691
231712
231713
231717
231724
231760
231769
231801
231803
231821
231830
231832
231834
231841
231855
231858
231861
231863
231866
231868
231871
231872
231874
231876
231887
231889
231912
231915
231946
231986
231997
231999
232023
232035
232077
232078
232086
232087
232089
232156
232157
232164
232174
232187
232196
232210
232223
232227
232232
232236
232237
232286
232288
232313
232314
232333
232334
232337
232339
232341
232345
232370
232430
232431
232440
232441
232449
232491
232533
232536
232539
232560
232566
232664
232670
232679
232680
232748
232784
232791
232798
232807
232811
232813
232816
232821
232853
232854
232855
232875
232878
232889
232906
232933
232934
232943
232944
232946
232947
232969
232970
232975
232976
232987
232989
233011
233016
233020
233033
233040
233046
233056
233057
233060
233064
233065
233066
233067
233071
233073
233103
233107
233115
233168
233204
233208
233210
233246
233271
233276
233280
233315
233328
233332
233335
233405
233406
233410
233489
233490
233532
233545
233549
233552
233575
233651
233724
233726
233733
233744
233765
233781
233789
233802
233805
233806
233812
233824
233826
233833
233863
233865
233870
233871
233875
233876
233877
233878
233887
233890
233893
233895
233899
233900
233902
233908
233912
233913
233977
233979
233987
234023
234069
234076
234086
234094
234135
234138
234214
234258
234267
234344
234353
234356
234358
234362
234366
234371
234373
234374
234378
234384
234388
234396
234407
234413
234463
234515
234549
234577
234582
234593
234595
234663
234664
234678
234683
234684
234686
234695
234699
234723
234725
234728
234729
234730
234733
234736
234740
234776
234779
234796
234797
234814
234825
234839
234847
234852
234854
234857
234865
234875
234878
234889
234912
234915
234959
234967
235028
235036
235040
235041
235043
235044
235047
235048
235050
235072
235086
235106
235130
235132
235134
235169
235180
235184
235281
235283
235293
235300
235315
235320
235323
235330
235339
235344
235380
235386
235402
235406
235431
235439
235441
235442
235461
235469
235472
235493
235497
235504
235505
235527
235533
235534
235542
235559
235567
235574
235584
235587
235604
235606
235610
235611
235623
235626
235627
235633
235661
235682
235907
235956
236266
236511
236539
236573
236727
236733
236790
236792
236794
236848
236899
236900
236904
236915
236920
236930
237010
237052
237073
237082
237107
237175
237211
237221
237222
237253
237336
237339
237353
237360
237387
237397
237400
237411
237422
237436
237459
237500
237542
237611
237615
237625
237711
237758
237759
237775
237781
237782
237823
237847
237859
237860
237868
237877
237880
237886
23789
237898
23790
237911
23792
237926
23794
237940
237943
23796
23797
237979
237988
23802
238023
238024
238037
23805
23806
23807
238076
23808
238123
238130
238161
23821
238247
23825
238257
238266
23827
238276
23828
23829
23830
23831
238317
238323
238328
238330
23834
23837
238384
238386
238455
23849
238505
23853
23854
23856
23857
23863
238673
238692
238693
23872
238722
23873
23874
23876
23877
23879
238799
23881
23882
238831
23885
23886
23887
238871
23888
23892
23893
23894
23897
238988
239017
239027
23908
239083
239096
239099
239102
239114
23912
239157
23917
239170
239188
23921
23922
23924
239273
239319
239337
23934
23936
239364
23937
23938
23939
239393
239405
23942
23943
239435
23947
23948
23950
239510
239528
23954
239546
23955
239552
239554
239555
239570
23959
239606
239618
23963
23964
239647
23965
239650
239652
239659
23966
239667
23967
23969
23970
239706
23971
239719
23972
239739
239743
239796
23980
23983
239833
239839
23984
239857
23986
23989
23991
23992
23996
23997
239985
23999
24000
24001
240023
240025
240028
240034
24004
240041
240047
240055
240057
240058
240063
240067
240068
240084
240087
240095
24010
240119
240120
240121
24014
24015
240168
24017
240174
24018
240185
240186
240255
240261
240263
240283
24030
240322
240334
240354
240396
24044
240442
24045
240476
24050
240505
24051
240518
24052
24055
24056
24057
24059
240590
24060
24061
240613
240614
24063
240638
24064
240641
24066
240660
240665
240667
240672
240675
24068
24069
240697
24070
24071
240725
240726
24074
24075
240752
240753
240756
240776
24083
240832
24086
240869
24088
240880
240888
240913
24100
24105
241062
241066
241075
24109
241118
24116
24117
241201
241226
241230
24127
241274
24128
241289
241296
241303
241308
241311
24132
241322
241324
241327
24135
24136
241391
241447
241490
241494
241520
241525
241547
241556
241568
241576
241589
241624
241627
241638
241639
241688
241694
241727
241732
241770
241794
241846
241915
241950
241989
242022
242050
242083
242109
242125
242126
242202
242259
242291
242297
242316
242362
242377
242384
242406
242409
242418
242443
242466
242474
242505
242506
242509
242521
242523
242553
242557
242570
242584
242585
242608
242620
242642
242662
242667
242669
242687
242691
242700
242702
242705
242721
242736
242747
242748
242785
242819
242860
242864
242894
242915
242939
242960
243043
243219
243272
243300
243308
243312
243328
243339
243362
243371
243372
243382
243529
243547
243548
243574
243616
243621
243725
243743
243771
243780
243813
243819
243833
243834
243842
243846
243853
243867
243897
243905
243906
243910
243912
243923
243931
243961
243963
243983
244049
244058
244141
244144
244152
244198
244216
244219
244237
244238
244281
244329
244349
244373
244416
244418
244421
244548
244556
244579
244585
244631
244650
244654
244666
244668
244672
244713
244721
244723
244745
244757
244810
244853
244864
244867
244871
244879
244886
244891
244895
244954
244962
245000
245020
245026
245050
245386
245404
245446
245450
245469
245474
245522
245527
245537
245555
245578
245595
245596
245622
245631
245638
245666
245670
245671
245683
245684
245688
245695
245827
245828
245841
245847
245857
245860
245865
245866
245867
245877
245880
245886
245902
245944
245945
246102
246103
246104
246154
246179
246196
246198
246221
246228
246229
246277
246293
246313
246316
246317
246694
246696
246703
246707
246710
246738
246782
252837
252838
252870
252875
252876
252903
252966
252967
252972
252973
257633
257635
259277
259279
259300
259302
260297
260299
260302
260305
260315
260409
263406
26356
26357
26358
26360
26362
26363
26364
26365
26370
26371
26372
26373
26374
26377
26378
26379
26380
263803
26381
26382
26385
26386
263876
26390
26394
26395
26396
26397
26398
26399
26401
26403
26404
26405
26406
264064
26407
26408
26409
26410
26411
26412
26413
264134
26414
26415
26416
26417
26419
26420
26422
26424
26425
26426
26427
26428
26429
26430
26431
26432
26433
26440
26441
26442
26443
26444
26445
26446
26447
26448
26450
26456
26457
26462
26466
264895
26554
26556
26557
26558
26559
26561
26562
26563
26564
26568
26569
26570
26572
26611
266632
266690
266781
26754
26757
268281
268291
268294
268354
268390
268395
268396
268417
268420
268445
268448
268451
268465
268469
268470
268480
268490
268491
268510
268512
268515
268527
268564
268566
268567
268656
268670
268706
268709
268721
268739
26874
268741
268747
26875
268752
268756
268759
26877
268780
268783
26879
268822
26885
268859
26886
268860
268880
268882
26889
268890
268902
268903
26891
26893
268930
268932
268933
268934
268935
268936
26894
26895
26896
26897
268970
268977
268980
268996
26900
269003
26901
269016
269019
269023
26903
269033
269037
26905
269060
269061
26908
26909
269109
269113
269116
269120
26913
269132
26914
269152
269180
269181
26919
269198
26920
269209
26921
26922
269224
269233
269252
269254
26926
269261
269295
26931
26932
269336
269338
26934
269356
26936
26938
269389
26939
269397
26940
269400
269401
26941
26942
269423
269424
269437
269470
269473
26949
26951
269514
269523
269529
269536
269582
269585
269587
269593
269604
269608
26961
269610
269614
269615
269623
269633
269637
269639
269642
269643
26965
26968
269682
269693
269695
269700
269702
269704
269713
269717
269774
269784
269788
269800
269831
269854
269855
26987
269870
269878
269881
26992
269941
269952
269955
269959
269966
269997
269999
270035
270066
270076
27008
270084
270086
270097
270110
270118
270120
27015
270156
270162
270163
270166
270190
270192
270198
270201
270210
27029
27041
27045
27049
27050
27054
27055
27057
27058
27059
27060
27061
27062
270624
270627
270672
270685
27078
270802
27081
270893
270906
27096
271005
27103
271127
271144
271305
271457
271564
27176
271813
271842
271844
271849
271981
272009
272027
272031
27204
27205
27206
27207
27214
27215
27220
27221
27223
27224
27225
27226
272347
272359
272381
272538
272551
272589
27261
272636
27267
27273
27275
27276
27277
27279
272790
27280
27354
27355
27356
27357
27359
27360
27361
27362
27364
27366
27368
27369
27373
27374
27375
27376
27377
27384
27385
27386
27387
27388
27392
27393
27395
27397
27398
27399
27401
27402
27403
27404
27406
27407
27410
27412
27414
27416
27418
27419
27425
27426
27428
27494
27528
27632
276770
27681
276829
276846
276852
276905
276952
277010
277154
277250
277328
277353
277360
277396
277414
277463
27756
277743
27784
277854
277939
277973
277978
27801
278097
278240
278279
278304
27878
27883
27886
279561
279653
27966
27967
279706
279766
27979
27981
27984
27993
27998
27999
28000
28006
28010
28015
28018
28019
28028
28030
28035
28036
28040
280411
28042
280621
280635
28064
280645
28071
28075
28080
28081
28088
28105
28106
28109
28113
28114
28126
28135
28146
28169
28185
28193
28199
28200
282619
28295
286940
286942
29805
29806
29807
29808
29809
29810
29811
29812
29813
29815
29816
29817
29819
29820
29856
29857
29858
29859
29861
29863
29864
29867
29869
29870
29871
29873
29875
29876
29877
30045
30046
30050
30052
30055
30056
30057
30058
30059
30785
30791
30794
30795
30806
30838
30839
30840
30841
30843
30853
30877
30878
30926
30928
30930
30931
30932
30933
30934
30935
30937
30938
30939
30940
30941
30944
30945
30946
30947
30948
30949
30951
30954
30956
30957
30959
30960
30963
317717
317758
319190
319197
319207
319211
319236
319262
319263
319266
319277
319278
319317
319322
319352
319387
319446
319448
319468
319475
319477
319478
319480
319481
319504
319513
319518
319520
319530
319554
319565
319581
319582
319583
319586
319594
319601
319604
319615
319618
319625
319636
319638
319651
319653
319655
319670
319675
319701
319710
319713
319719
319740
319742
319748
319757
319758
319765
319801
319804
319817
319822
319832
319845
319876
319880
319885
319899
319901
319909
319924
319934
319939
319944
319953
319955
319965
319984
319991
319996
319998
320011
320024
320027
320078
320080
320100
320111
320119
320127
320129
320145
320150
320158
320162
320165
320183
320184
320191
320204
320209
320213
320226
320234
320244
320253
320267
320271
320292
320299
320311
320343
320351
320360
320365
320376
320394
320398
320404
320405
320415
320429
320438
320452
320472
320473
320487
320506
320508
320528
320534
320538
320541
320554
320557
320558
320560
320563
320595
320609
320615
320632
320634
320655
320661
320678
320683
320685
320696
320705
320706
320709
320712
320713
320714
320717
320720
320727
320736
320772
320782
320790
320799
320806
320808
320817
320825
320827
320840
320844
320873
320878
320910
320916
320923
320924
320938
320940
320951
320974
320982
321000
321003
321006
321007
321008
326618
326622
327655
327762
327766
327799
327826
327900
327942
327951
327954
327958
327959
327987
328035
328092
328108
328110
328133
328162
328232
328234
328329
328365
328370
328572
328580
328643
328779
328801
328949
328977
329002
329003
329015
329152
329154
329165
329178
329251
329252
329260
329274
329324
329375
329384
329470
329504
329506
329509
329540
329559
329628
329650
329659
329679
329727
329739
329777
329795
329828
329872
329877
329908
329910
329934
329941
330050
330064
330096
330119
330149
330171
330177
330189
330192
330216
330222
330260
330267
330286
330301
330319
330323
330361
330369
330401
330406
330409
330450
330474
330485
330503
330554
330662
330671
330695
330790
330812
330814
330817
330836
330908
330914
330938
330953
330959
331004
331026
331401
331474
331487
331532
331623
332110
332221
332359
332397
333088
333182
333433
333473
333564
333639
333654
333789
338337
338349
338350
338351
338352
338354
338355
338359
338362
338363
338365
338367
338369
338371
338372
338467
338523
347722
353047
353156
353169
353170
353172
353187
353204
353208
353211
353242
353258
353282
353310
353499
353502
360013
360213
360216
373864
378431
378462
378702
380614
380660
380664
380669
380684
380686
380694
380702
380705
380711
380712
380713
380714
380718
380728
380752
380753
380773
380785
380836
380840
380855
380912
380916
380921
380928
380959
380967
380969
380993
381022
381038
381045
381062
381066
381067
381085
381101
381110
381126
381148
381157
381175
381201
381204
381217
381236
381259
381269
381290
381293
381305
381306
381310
381314
381318
381337
381338
381352
381356
381379
381406
381410
381510
381511
381549
381560
381591
381605
381626
381629
381633
381644
381668
381677
381678
381694
381695
381760
381801
381802
381813
381820
381845
381853
381903
381921
381925
381979
381983
381990
382010
382014
382018
382019
382030
382034
382038
382051
382056
382066
382073
382083
382090
382117
382118
382137
382207
382236
382245
382252
382253
382406
382423
382571
382620
382639
382793
382913
382985
383295
383619
384009
384061
384281
384309
384569
384763
384783
385658
385668
385674
386612
386649
386655
387314
387524
396184
399510
399558
399566
399568
399603
403178
403187
404634
404710
406217
406218
407243
407786
407790
407812
407819
407821
407823
407831
408062
408065
408067
408068
414069
414872
415115
432442
432486
432508
432530
432572
432582
432677
432731
432763
432770
432879
432940
433256
433287
433323
433375
433485
433586
433667
433693
433752
433759
433771
433809
433813
433864
433904
433926
433931
433938
433940
433956
434008
434128
434130
434156
434179
434204
434215
434234
434377
434402
434437
434778
435684
435965
442801
445007
448850
448987
503610
50490
50492
50493
50497
50500
50505
50523
50524
50527
50528
50529
50706
50720
50721
50723
50724
50753
50754
50755
50758
50759
50760
50762
50766
50767
50768
50769
50770
50771
50772
50773
50776
50780
50781
50782
50783
50784
50785
50786
50789
50790
50791
50793
50794
50795
50797
50798
50799
50817
50849
50850
50868
50875
50876
50877
50878
50880
50883
50884
50887
50907
50908
50911
50912
50915
50917
50918
50926
50927
50932
50933
50934
50935
50995
50996
50997
51786
51789
51792
51793
51796
51797
51798
51799
51800
51810
51812
51813
51869
51875
51885
51886
51897
51902
51938
51944
51960
52004
52009
52013
52014
52023
52028
52033
52036
52040
52055
52064
52065
52076
52118
52120
52123
52132
52150
52163
52174
52184
52187
52202
52206
52231
52245
52250
52276
52323
52331
52335
52348
52357
52377
52389
52392
52397
52398
52428
52430
52432
52440
52463
52466
52468
52477
52502
52504
52513
52521
52530
52535
52538
52551
52552
52563
52585
52588
52589
52592
52609
52615
52626
52633
52635
52637
52639
52653
52662
52665
52666
52668
52679
52683
52686
52690
52696
52700
52705
52708
52710
52712
52713
52715
52717
52808
52822
52829
52830
52837
52838
52846
52850
52856
52857
52858
52864
52874
52882
52892
52897
52906
52915
53310
53312
53313
53317
53318
53319
53321
53322
53323
53324
53325
53328
53330
53331
53332
53333
53334
53356
53357
53374
53375
53376
53378
53379
53380
53381
53382
53412
53413
53414
53416
53417
53419
53420
53421
53422
53424
53598
53599
53600
53601
53602
53605
53608
53609
53610
53611
53612
53614
53618
53619
53620
53621
53623
53624
53626
53627
53761
53817
53858
53860
53861
53867
53868
53869
53870
53871
53872
53881
53883
53885
53886
53890
53892
53893
53901
53945
53951
53970
53972
53975
53978
54003
54004
54006
54122
54124
54125
54126
54127
54128
54130
54131
54132
54135
54138
54141
54151
54152
54153
54156
54161
54169
54170
54188
54189
54194
54195
54196
54197
54198
54201
54204
54208
54214
54216
54218
54219
54324
54325
54326
54338
54342
54343
54351
54352
54353
54354
54357
54364
54366
54367
54369
54371
54375
54377
54380
54381
54383
54384
54387
54391
54392
54393
54394
54397
54399
54401
54402
54403
54405
54411
54418
54419
54445
54446
54447
54451
544696
544717
54473
544817
54484
544922
544963
544971
545030
545085
545156
54519
545192
54524
54525
545260
545276
545370
545389
545428
545471
54561
545622
54563
545938
54598
54601
54604
546049
54607
546071
54608
54609
54610
54611
54613
546134
54614
54616
54624
54630
54632
54633
546336
54635
54636
54637
54644
54645
54646
54648
54650
54651
54667
54670
54673
54683
54709
54710
54711
54712
547176
54720
54721
54722
54723
54725
547253
55927
55934
55935
55936
55942
55943
55944
55946
55947
55948
55949
55950
55951
55960
55963
55978
55979
55980
55982
55983
55984
55988
55989
55991
55992
55994
56009
56012
56013
56016
56017
56018
56030
56031
56032
56036
56041
56043
56044
56045
56046
56048
56050
56055
56068
56070
56075
56077
56078
56079
56086
56088
56089
56095
56149
56174
56175
56176
56177
56187
56188
56190
56191
56194
56195
56198
56199
56200
56205
56207
56208
56209
56210
56212
56213
56215
56216
56217
56220
56224
56226
56228
56229
56233
56248
56249
56258
56264
56273
56274
56277
56278
56279
56280
56284
56289
56294
56295
56296
56297
56298
56299
56305
56307
56309
56310
56312
56314
56316
56317
56318
56320
56321
56322
56323
56324
56327
56332
56335
56336
56338
56347
56348
56349
56350
56354
56356
56357
56358
56360
56361
56363
56364
56367
56368
56369
56370
56371
56372
56374
56375
56376
56378
56380
56381
56382
56384
56386
56389
56390
56392
56395
56399
56401
56403
56404
56405
56406
56407
56410
56412
56417
56418
56419
56420
56421
56422
56426
56427
56428
56430
56431
56433
56436
56437
56440
56442
56443
56444
56445
56447
56448
56449
56451
56452
56453
56454
56455
56456
56457
56458
56459
56460
56461
56462
56463
56464
56468
56469
56470
56471
56473
56480
56484
56486
56488
56490
56491
56494
56495
56496
56501
56503
56505
56506
56508
56513
56515
56516
56517
56520
56524
56525
56526
56527
56529
56530
56531
56532
56533
56535
56541
56542
56543
56550
56612
56613
56615
56626
56632
56637
56690
56692
56693
56695
56697
56698
56699
56700
56703
56705
56706
56707
56708
56709
56710
56711
56715
56716
56717
56722
56724
56726
56736
56737
56738
56739
56741
56742
56743
56744
56747
56748
56749
56752
56753
56758
56771
56772
56784
56786
56788
56790
56791
56794
56795
56805
56807
56808
56809
56811
56812
56843
56844
56846
56847
56857
56863
56869
56873
56874
56876
56878
57080
57138
57170
57230
57246
57247
57257
57259
57261
57265
57266
57267
57274
57278
57279
57295
57296
57312
57314
57315
57316
57317
57320
57321
57329
57330
57339
57340
57342
57344
57354
57357
57370
57373
57376
57377
57390
57394
57423
57431
57432
57434
57436
57437
57438
57439
57440
574403
57441
57443
57738
57740
57743
57745
57746
57748
57750
57751
57752
57753
57764
57773
57775
57776
57778
57782
57783
57784
57810
57813
57814
57815
57837
57869
57874
57895
57896
57905
57908
57912
57913
57914
57915
58172
58175
58178
58180
58182
58184
58186
58187
58188
58193
58194
58198
58200
58202
58207
58208
58212
58220
58222
58226
58227
58230
58231
58233
58234
58235
58237
58239
58240
58243
58244
58245
58246
58248
58249
58250
58520
58521
58523
58799
58800
58802
58804
58805
58810
58859
58861
58869
58875
58887
58909
58911
58988
58994
58996
58998
59001
59002
59003
59004
59005
59007
59008
59009
59010
59012
59013
59014
59015
59016
59021
59024
59025
59026
59027
59028
59029
59030
59031
59032
59033
59035
59036
59038
59040
59041
59042
59043
59044
59045
59046
59047
59048
59049
59050
59052
59053
59054
59056
59057
59058
59069
59079
59090
59091
59092
59093
59095
59125
59126
59287
59288
59308
60321
60322
60344
60345
60365
60406
60409
60411
60441
60455
60507
60510
60525
60527
60530
60532
60534
60595
60596
60597
60599
60611
60613
606496
619287
619331
619605
619665
620592
620695
621080
621697
621976
622320
622404
622434
622675
623230
623661
624866
625098
625249
626848
627049
627214
628705
629059
629147
629378
633057
633285
633640
634731
635253
636931
63856
63873
63913
63953
63955
63958
63959
63985
63993
64010
64011
64050
64051
64058
64074
64075
64082
64085
641340
64136
641376
64138
64143
64144
64209
64213
64291
64292
64293
64294
64295
64297
64339
64340
64383
64406
64424
64436
64450
64451
64453
64540
64602
64652
64655
64656
64657
64658
64659
64660
64685
64704
64706
64707
64817
64898
64899
64930
64933
64934
64945
65020
65079
65098
65099
65100
65102
65103
65105
65106
65107
65111
65112
65113
65114
65116
65246
65247
65254
65255
654470
654795
654801
654824
65945
65960
65961
65962
65963
65964
65967
65969
65970
65972
65973
66011
66042
66043
66044
66046
66047
66048
66049
66050
66052
66053
66054
66055
66056
66058
66059
66060
66061
66066
66067
66069
66070
66071
66072
66073
66074
66075
66079
66082
66083
66085
66086
66087
66089
66090
66091
66092
66094
66096
66098
66105
66108
66109
66111
66114
66117
66118
66120
66121
66124
66125
66126
66128
66129
66131
66132
66136
66140
66141
66142
66143
66144
66146
66147
66148
66151
66152
66153
66154
66155
66156
66161
66162
66163
66164
66165
66168
66169
66170
66171
66172
66174
66176
66177
66179
66180
66181
66183
66185
66190
66192
66193
66194
66196
66197
66199
66200
66201
66202
66204
66205
66206
66208
66209
66213
66214
66218
66220
66222
66223
66226
66229
66230
66231
66233
66234
66235
66237
66241
66242
66244
66245
66246
66248
66249
66251
66253
66254
66256
66257
66258
66259
66262
66264
66266
66268
66270
66271
66272
66273
66274
66277
66278
66279
66282
66286
66290
66291
66292
66296
66302
66306
66307
66308
66309
66310
66311
66313
66314
66315
66317
66320
66333
66335
66336
66337
66340
66343
66349
66350
66352
66354
66355
66356
66357
66358
66361
66362
66365
66366
66367
66368
66369
66371
66374
66375
66377
66383
66384
66385
66388
66390
66394
66395
66397
66398
66399
66400
66401
66403
66404
66405
66406
66407
66408
66409
66410
66411
66412
66413
66414
66416
66419
66420
66421
66422
66423
66425
66427
66431
66432
66433
66435
66437
66439
66440
66441
66442
66443
66445
66446
66447
66448
66449
66454
66455
66459
66460
66462
66464
66467
66468
66469
66471
66475
66482
66487
66488
664883
66492
66493
66494
66495
66496
664968
66497
66498
66500
66505
66506
66508
66510
66511
665113
66513
66514
66515
665180
66522
66523
66525
66526
66530
66531
66536
66538
66540
66541
66549
66552
66556
665563
66559
66566
66568
66569
66570
66573
66576
665775
66578
66580
66583
66586
66587
66588
66590
66591
66592
66593
66594
66595
66596
66597
66599
66603
666048
66606
666060
66607
66609
66611
66614
66615
66616
66617
666173
66618
66622
66624
66625
66626
66627
66628
66629
66631
666311
66632
66634
66637
66641
66642
66643
66645
66646
666468
66647
66648
66650
66653
666532
66656
66658
66659
66660
66661
66663
66664
66665
66667
66671
66673
66674
66676
66679
666790
666794
66680
66681
66682
66684
66686
66687
66689
66690
66691
666938
66694
66695
66700
66701
66704
66705
66706
66711
66713
66714
66717
66722
66724
66725
66734
66736
66743
66748
66753
66756
66757
66768
66771
667742
66775
66787
66789
66790
66793
66795
66797
66799
66801
66810
66812
66813
668158
66816
66817
668173
66818
66821
668212
66822
66826
66827
66830
668303
66834
66839
66840
66841
66847
66848
66849
66853
66854
66855
66859
66860
66861
66863
66865
66866
668661
66867
66868
66869
66870
66871
66873
66874
66875
66877
66878
66880
66881
66882
66884
66885
66887
668880
66889
66890
66892
668923
66894
668940
66895
66897
66898
66899
66902
66904
66905
66910
66911
66912
66914
66915
66916
66917
66921
66922
66923
66925
66926
66928
66929
66932
66934
66935
66938
66939
66940
66942
66943
66945
66948
66949
66950
66952
66953
66958
66960
66962
66964
66965
66966
66967
66968
66970
66971
66972
66973
66975
66977
66978
66980
66983
66985
66988
66989
66993
66994
66995
66997
66998
66999
67003
67005
67006
67008
67009
67010
67011
67013
67014
67015
67016
67017
67019
67020
67023
67027
67030
67031
67035
67036
67037
67039
67040
67041
67042
67043
67044
67046
67048
67050
67052
67053
67054
67057
67059
67062
67063
67064
67065
67067
67068
67070
67071
67072
67073
67074
67075
67078
67080
67087
67088
67089
67091
67092
67095
67096
67097
67099
67101
67103
67105
67109
67111
67115
67116
67117
67119
67120
67121
67122
67125
67126
67128
67130
67134
67136
67138
67139
67141
67143
67145
67150
67151
67153
67154
67155
67157
67158
67161
67163
67164
67166
67168
67169
67171
67177
67178
67179
67180
67181
67184
67186
67187
67196
67197
67198
67199
67200
67201
67203
67204
67205
67207
67210
67211
67212
67213
67216
67217
67219
67222
67223
67224
67225
67226
67228
67229
67230
67231
67235
67236
67238
67239
67241
67245
67246
67247
67249
672511
67252
67254
67255
67263
67264
67266
67267
67268
67269
67270
67273
67276
67279
67282
67283
67285
67286
67287
67290
67291
67292
67296
67299
67300
67302
67305
67306
67308
67313
67326
67332
67333
67337
67338
67345
67367
67369
67370
67371
67374
67375
67378
67379
67381
67382
67384
67387
67388
67389
67390
67391
67392
67393
67397
67398
67399
67412
67414
67416
67417
67418
67419
67420
67422
67426
67429
67430
67433
67434
67437
67439
67440
67441
67442
67443
67444
67445
67446
67448
67451
67452
67453
67454
67455
67456
67457
67458
67459
67460
67463
67465
67466
67467
67468
67469
67471
67474
67475
67480
67484
67486
67487
67488
67489
67490
67492
67493
67495
67500
67501
67509
67510
67511
67512
67513
67515
67525
67526
67528
67529
67530
67533
67534
67538
67542
67544
67547
67549
67553
67554
67556
67557
67561
67563
67564
67568
67573
67574
67579
67581
675812
67582
67586
67588
67590
67602
67603
67604
67605
67606
67607
67608
67609
67610
67615
67618
67619
67621
67622
67623
67629
67630
67636
67655
67657
67661
67664
67665
67666
67667
67669
67671
67673
67674
67676
67680
67681
67683
67684
67694
67695
67698
67701
67702
67703
67708
67710
67711
67724
67725
67726
67727
67728
67731
67732
67733
67736
67738
67739
67749
67755
67760
67763
67767
67768
67769
67770
67771
67772
67773
67774
67776
67778
67781
67784
67785
67788
67789
67790
67792
67795
67797
67800
67804
67808
67809
67811
67812
67815
67819
67824
67826
67830
67832
67834
67836
67838
67839
67840
67841
67842
67843
67844
67845
67846
67847
67848
67849
67851
67857
67860
67861
67862
67863
67864
67865
67866
67867
67869
67870
67871
67872
67873
67874
67877
67878
67880
67881
67883
67884
67886
67887
67888
67889
67890
67891
67892
67893
67894
67895
67896
67897
67898
67899
67900
67902
67905
67911
67912
67914
67916
67917
67920
67921
67922
67923
67936
67937
67938
67939
67941
67943
67946
67948
67949
67951
67955
67956
67958
67959
67963
67966
67967
67971
67972
67973
67974
67976
67979
67980
67988
67991
67993
67994
67996
67997
67998
68001
68002
68010
68011
68014
68015
68016
68017
68018
68020
68021
68026
68027
68031
68032
68033
68034
68038
68040
68041
68043
68044
68045
68047
68048
68050
68053
68055
68058
68059
68066
68067
68070
68073
68075
68077
68079
68080
68083
68087
68090
68092
68094
68095
68097
68098
68099
68106
68112
68115
68117
68118
68119
68121
68126
68133
68134
68135
68137
68140
68142
68145
68146
68147
68149
68151
68152
68153
68166
68169
68170
68176
68177
68178
68180
68183
68184
68185
68187
68188
68192
68196
68201
68202
68203
68205
68209
68212
68215
68219
68226
68229
68235
68240
68241
68250
68251
68255
68259
68260
68262
68263
68267
68268
68272
68273
68275
68276
68277
68278
68281
68283
68291
68292
68294
68295
68298
68299
68303
68304
68310
68312
68318
68323
68327
68328
68332
68337
68339
68342
68346
68347
68349
68350
68364
68365
68366
68375
68379
68385
68394
68401
68404
68420
68421
68423
68427
68428
68431
68440
68441
68449
68458
68463
68465
68472
68473
68475
68477
68479
68480
68481
68487
68490
68493
68497
68498
68501
68505
68507
68510
68514
68519
68520
68521
68523
68524
68525
68526
68533
68537
68539
68544
68545
68549
68550
68552
68556
68558
68559
68563
68564
68565
68567
68572
68576
68585
68588
68592
68597
68598
68603
68606
68607
68611
68612
68614
68617
68618
68626
68628
68631
68632
68636
68642
68644
68646
68652
68653
68655
68659
68666
68667
68671
68675
68682
68691
68693
68695
68703
68705
68708
68709
68713
68718
68721
68724
68725
68728
68729
68730
68731
68732
68734
68735
68736
68737
68738
68742
68743
68744
68750
68755
68758
68760
68767
68770
68775
68776
68777
68778
68792
68794
68795
68796
68797
68799
68801
68810
68813
68815
68816
68818
68832
68833
68836
68837
68839
68845
68846
68857
68859
68861
68865
68867
68875
68876
68877
68879
68889
68895
68904
68910
68911
68915
68916
68917
68918
68920
68922
68925
68926
68927
68929
68936
68938
68939
68942
68943
68944
68947
68948
68949
68952
68953
68955
68961
68964
68966
68968
68969
68970
68971
68972
68975
68977
68979
68980
68981
68988
68991
68992
68995
68999
69008
69009
69010
69019
69020
69024
69028
69029
69035
69038
69046
69048
69051
69053
69064
69065
69068
69071
69072
69073
69076
69077
69082
69085
69089
69090
69091
69094
69101
69104
69106
69109
69113
69125
69126
69129
69131
69136
69146
69149
69150
69151
69155
69156
69159
69161
69162
69163
69168
69178
69179
69181
69185
69186
69188
69190
69192
69195
69202
69207
69215
69216
69217
69219
69225
69226
69227
69228
69232
69234
69237
69241
69256
69257
69260
69263
69269
69270
69274
69276
69288
69305
69309
69327
69354
69358
69367
69368
69372
69379
69398
69399
69408
69440
69454
69456
69459
69469
69470
69478
69480
69482
69487
69499
69519
69524
69527
69528
69534
69535
69536
69537
69538
69539
69544
69546
69550
69551
69554
69556
69562
69568
69572
69573
69577
69581
69582
69587
69590
69596
69597
69601
69605
69606
69608
69612
69617
69627
69632
69634
69635
69638
69639
69640
69641
69654
69656
69660
69662
69663
69666
69668
69672
69674
69675
69683
69684
69692
69694
69697
69700
69702
69706
69707
69710
69714
69716
69718
69719
69721
69723
69724
69726
69727
69731
69736
69737
69740
69742
69743
69745
69747
69748
69752
69754
69757
69770
69772
69773
69780
69786
69790
69792
69802
69804
69806
69807
69815
69821
69823
69833
69834
69837
69847
69860
69863
69870
69871
69876
69882
69885
69890
69893
69894
69900
69906
69908
69912
69917
69920
69922
69923
69926
69928
69930
69934
69938
69940
69942
69944
69955
69956
69957
69961
69962
69976
69981
69993
70012
70020
70021
70024
70025
70028
70031
70044
70047
70052
70054
70059
70078
70082
70083
70088
70093
70097
70099
70101
70103
70110
70118
70120
70122
70144
70152
70155
70160
70178
70186
70207
70208
70209
70218
70223
70225
70227
70231
70233
70235
70237
70238
70239
70240
70247
70248
70257
70266
70285
70292
70294
70296
70297
70300
70310
70312
70314
70315
70317
70325
70333
70335
70348
70349
70350
70351
70354
70355
70356
70358
70359
70361
70369
70370
70373
70377
70380
70381
70382
70383
70385
70387
70394
70396
70397
70408
70415
70417
70419
70420
70422
70423
70425
70427
70428
70430
70432
70433
70435
70439
70445
70451
70454
70456
70458
70461
70465
70466
70470
70472
70478
70495
70497
70508
70510
70511
70527
70533
70536
70544
70546
70549
70551
70552
70560
70561
70564
70567
70568
70571
70572
70573
70574
70575
70591
70598
70599
70601
70603
70604
70605
70611
70612
70615
70616
70617
70620
70625
70638
70640
70645
70646
70650
70652
70661
70673
70675
70676
70681
70683
70686
70693
70696
70699
70701
70713
70719
70726
70727
70737
70747
70750
70757
70762
70767
70769
70771
70772
70779
70784
70785
70790
70791
70796
70797
70799
70802
70804
70807
70821
70823
70827
70829
70834
70885
70892
70911
70925
70930
70951
70967
70974
70984
70997
70998
70999
71041
71063
71069
71085
71093
71101
71116
71131
71137
71145
71147
71148
71169
71175
71177
71198
71206
71207
71213
71228
71238
71240
71242
71254
71268
71276
71279
71302
71306
71310
71323
71330
71336
71340
71354
71355
71361
71365
71371
71373
71375
71382
71389
71393
71409
71435
71436
71446
71448
71452
71461
71472
71474
71481
71492
71508
71514
71517
71521
71529
71532
71538
71544
71562
71564
71566
71567
71591
71592
71599
71602
71609
71617
71640
71643
71648
71653
71665
71667
71670
71673
71675
71679
71683
71684
71687
71699
71701
71702
71703
71704
71706
71707
71709
71710
71711
71712
71713
71715
71718
71720
71721
71722
71723
71726
71728
71729
71732
71733
71735
71738
71740
71742
71743
71745
71746
71750
71751
71755
71764
71765
71767
71769
71770
71772
71774
71776
71777
71778
71779
71780
71782
71787
71791
71793
71795
71799
71801
71804
71805
71807
71810
71816
71817
71819
71820
71827
71832
71833
71834
71835
71838
71839
71841
71843
71846
71853
71865
71870
71876
71877
71878
71881
71883
71885
71887
71889
71890
71891
71893
71897
71900
71901
71902
71904
71909
71910
71911
71912
71914
71916
71918
71919
71923
71924
71927
71929
71934
71941
71943
71946
71947
71949
71950
71951
71952
71954
71955
71956
71957
71960
71962
71963
71966
71968
71970
71971
71972
71974
71978
71982
71983
71984
71985
71986
71988
71989
71990
71991
71994
71997
71998
71999
72000
72007
72008
72014
72016
72017
72018
72020
72022
72023
72026
72027
72029
72033
72039
72041
72042
72043
72046
72047
72050
72053
72055
72056
72057
72061
72065
72068
72075
72080
72083
72084
72085
72096
72097
72098
72102
72103
72106
72107
72108
72112
72113
72114
72117
72119
72123
72124
72125
72129
72133
72135
72136
72137
72140
72141
72144
72145
72147
72149
72151
72154
72155
72157
72160
72162
72167
72168
72170
72171
72175
72179
72180
72181
72183
72185
72190
72193
72194
72195
72198
72199
72201
72205
72219
72230
72238
72254
72265
72267
72269
72273
72287
72290
72293
72296
72301
72306
72307
72308
72309
72313
72315
72320
72322
72323
72325
72333
72341
72344
72345
72349
72350
72351
72354
72355
72357
72371
72388
72391
72392
72399
72400
72401
72404
72413
72415
72416
72421
72433
72446
72454
72459
72461
72462
72469
72472
72475
72477
72479
72480
72482
72486
72500
72502
72503
72504
72507
72508
72512
72514
72515
72519
72522
72535
72536
72542
72543
72549
72552
72554
72556
72560
72562
72565
72567
72568
72569
72572
72580
72587
72590
72599
72607
72611
72612
72614
72615
72621
72630
72634
72635
72640
72649
72650
72654
72656
72657
72658
72661
72662
72667
72668
72672
72685
72690
72692
72693
72701
72709
72720
72722
72723
72726
72727
72729
72736
72739
72745
72747
72748
72750
72754
72759
72772
72774
72776
72778
72780
72787
72792
72795
72805
72821
72823
72825
72826
72828
72831
72832
72836
72843
72844
72852
72865
72881
72886
72895
72899
72900
72902
72930
72931
72935
72938
72946
72947
72948
72949
72960
72972
72981
72982
72993
72999
73024
73046
73047
73062
73067
73068
73072
73078
73086
73094
73095
73102
73103
73122
73124
73130
73132
73137
73139
73158
73162
73166
73167
73172
73173
73174
73178
73181
73182
73191
73192
73205
73212
73218
73225
73229
73230
73233
73242
73246
73247
73251
73254
73261
73274
73284
73288
73296
73327
73332
73341
73368
73373
73379
73389
73390
73407
73419
73420
73430
73442
73447
73451
73467
73469
73473
73569
73608
73649
73658
73666
73668
73674
73680
73681
73683
73689
73692
73699
73710
73711
73713
73723
73724
73728
73736
73737
73738
73739
73744
73747
73750
73754
73804
73822
73825
73826
73827
73828
73830
73833
73834
73836
73844
73845
73847
73852
73873
73884
73910
73916
73919
73945
73991
73998
74002
74006
74007
74008
74011
74012
74013
74015
74016
74019
74020
74022
74025
74026
74030
74032
74035
74039
74041
74043
74044
74048
74051
74052
74053
74055
74081
74091
74094
74096
74097
74098
74100
74102
74103
74104
74105
74106
74107
74108
74111
74112
74114
74116
74117
74120
74122
74123
74125
74126
74132
74133
74134
74136
74137
74142
74143
74144
74147
74148
74149
74150
74154
74155
74159
74164
74165
74167
74168
74178
74182
74185
74186
74187
74189
74190
74194
74195
74196
74197
74198
74200
74201
74202
74203
74204
74206
74211
74213
74229
74237
74238
74239
74241
74243
74244
74245
74246
74251
74252
74254
74255
74256
74257
74268
74270
74277
74287
74302
74315
74316
74318
74319
74320
74322
74325
74326
74330
74334
74335
74337
74340
74342
74343
74347
74349
74351
74352
74354
74355
74356
74359
74360
74365
74370
74374
74375
74383
74385
74386
74388
74392
74393
74400
74405
74407
74411
74412
74413
74414
74427
74430
74440
74442
74443
74450
74451
74455
74464
74467
74470
74477
74478
74479
74480
74486
74488
74493
74498
74504
74511
74513
74519
74521
74522
74525
74528
74533
74549
74551
74552
74559
74569
74570
74577
74580
74585
74596
74600
74610
74616
74617
74626
74637
74645
74646
74648
74653
74665
74666
74670
74682
74685
74694
74718
74729
74732
74737
74741
74747
74753
74754
74760
74761
74762
74763
74764
74766
74769
74772
74775
74776
74777
74778
74781
74782
74838
74840
74841
74843
74868
74895
74901
74919
74996
74998
75007
75029
75050
75051
75062
75079
75089
75099
75137
75141
75146
75202
75210
75212
75216
75219
75221
75234
75273
75284
75291
75292
75296
75302
75316
75317
75320
75329
75387
75398
75406
75409
75410
75415
75416
75420
75422
75423
75424
75425
75426
75430
75452
75458
75475
75514
75516
75540
75541
75547
75552
75553
75560
75564
75565
75568
75572
75578
75580
75590
75593
75599
75600
75605
75607
75608
75612
75613
75616
75619
75624
75625
75627
75646
75659
75660
75665
75669
75678
75686
75690
75691
75692
75698
75705
75712
75717
75718
75723
75725
75729
75731
75734
75735
75736
75739
75746
75747
75751
75763
75764
75767
75770
75778
75782
75785
75786
75788
75796
75805
75812
75826
75860
75869
75871
75894
75901
75906
75914
75939
75956
75964
75965
75974
75985
75991
76007
76014
76022
76025
76041
76044
76055
76071
76073
76080
76088
76089
76108
76123
76130
76131
76132
76137
76138
76142
76156
76157
76167
76178
76179
76183
76192
76199
76205
76217
76223
76233
76238
76246
76251
76252
76257
76260
76261
76263
76265
76273
76281
76282
76293
76295
76299
76302
76303
76306
76308
76332
76338
76355
76357
76365
76366
76367
76373
76375
76380
76411
76415
76416
76429
76438
76441
76448
76453
76454
76457
76459
76464
76467
76477
76478
76479
76482
76483
76485
76491
76498
76499
76500
76501
76509
76510
76522
76524
76539
76547
76551
76559
76560
76561
76563
76566
76568
76574
76577
76580
76582
76594
76608
76612
76614
76626
76630
76650
76654
76686
76687
76688
76707
76709
76719
76737
76740
76742
76763
76773
76775
76779
76781
76784
76787
76788
76789
76792
76793
76795
76799
76800
76804
76809
76813
76816
76820
76824
76826
76829
76832
76843
76846
76850
76857
76863
76866
76867
76877
76884
76886
76889
76890
76892
76893
76894
76895
76898
76899
76900
76901
76916
76917
76938
76947
76952
76954
76959
76960
76967
76969
76980
76983
76987
77006
77011
77015
77018
77031
77032
77034
77035
77038
77040
77041
77044
77045
77048
77053
77056
77057
77087
77090
77097
77110
77113
77116
77125
77128
77134
77219
77220
77252
77254
77264
77286
77300
77305
77371
77407
77411
77422
77446
77480
77519
77521
77531
77552
77559
77569
77573
77574
77578
77579
77582
77590
77591
77593
77604
77605
77609
77613
77619
77622
77626
77629
77630
77634
77644
77683
77697
77721
77733
77739
77744
77766
77771
77781
77782
77794
77805
77809
77827
77832
77853
77862
77864
77877
77889
77891
77929
77938
77963
77974
77975
77976
77980
77987
78004
78016
78038
78070
78088
78100
78134
78177
78232
78244
78246
78248
78255
78257
78266
78267
78283
78284
78286
78287
78304
78308
78309
78323
78330
78334
78339
78372
78373
78394
78405
78408
78412
78428
78455
78514
78521
78523
78541
78558
78560
78581
78586
78610
78618
78619
78651
78653
78656
78658
78670
78688
78689
78697
78733
78749
78751
78752
78755
78757
78767
78777
78779
78781
78783
78784
78785
78787
78795
78796
78797
78798
78802
78808
78816
78825
78829
78830
78832
78833
78834
78885
78889
78890
78891
78892
78893
78894
78895
78896
78903
78908
78912
78913
78914
78920
78921
78923
78925
78926
78928
78929
78935
78937
78938
78943
79044
79196
79202
79221
79233
79263
79264
79362
79456
79459
79464
79554
79555
79560
79565
79566
80280
80281
80283
80284
80285
80286
80287
80288
80289
80290
80291
80292
80294
80297
80385
80509
80517
80707
80708
80718
80720
80732
80743
80744
80748
80749
80750
80751
80752
80794
80795
80837
80859
80860
80861
80876
80877
80879
80880
80884
80886
80888
80889
80890
80892
80898
80902
80904
80905
80907
80909
80911
80912
80913
80914
80915
80976
80981
80982
80985
80986
80987
81000
81003
81004
81006
81489
81500
81535
81601
81630
81702
81703
81840
81845
81879
81896
81898
81904
81907
81909
81910
83383
83396
83397
83398
83409
83410
83429
83431
83435
83436
83453
83456
83485
83486
83493
83557
83602
83603
83669
83671
83675
83679
83691
83701
83703
83704
83762
83767
83768
83796
83797
83813
83814
83815
83921
83922
83924
83925
83945
83946
83961
83962
83964
83965
83997
84004
84035
84036
84092
84094
84095
84113
84505
84585
84652
84682
85030
85305
85308
93679
93681
93684
93685
93686
93687
93689
93691
93692
93696
93697
93721
93730
93734
93736
93737
93739
93742
93747
93757
93759
93760
93761
93762
93790
93834
93836
93837
93838
93840
93842
93843
93871
93873
93874
93876
93878
93882
93885
93886
93887
93888
93889
93890
93891
93892
93893
93897
93960
94040
94043
94044
94061
94062
94063
94064
94065
94066
94067
94088
94089
94090
94091
94092
94093
94112
94178
94180
94181
94184
94185
94186
94187
94190
94192
94212
94213
94214
94216
94218
94219
94220
94221
94223
94227
94230
94232
94242
94245
94246
94249
94254
94275
94279
94280
94282
94315
94332
94346
94353
96935
96957
96979
97031
97064
97112
97130
97159
97165
97212
97287
97387
97440
97541
97761
97820
97827
97863
97884
97961
98053
98170
98193
98221
98258
98267
98314
98363
98366
98376
98386
98388
98396
98402
98403
98404
98415
98417
98432
98488
98496
98660
98682
98685
98710
98711
98732
98733
98758
98766
98828
98845
98878
98910
98932
98952
98956
98985
98999
99003
99010
99011
99031
99045
99100
99138
99151
99152
99167
99237
99311
99326
99334
99349
99371
99375
99377
99382
99412
99470
99480
99512
99526
99543
99586
99633
99683
99696
99712
99730
99738
99887
99889
99890
99929
99982
